Wind turbine output as a function of wind speed
Rotor diameter: 33.0
Wind speed (m/s), Rotor speed (rpm), Blade Pitch Angle (deg), Thrust (N), Torque (Nm), Power Rotor (W), Power generator (W)
3.0,12.15,0.0,4018.5087670493276,5702.627851363972,7255.71017442065,6650.946731382689
4.0,16.2,0.0,7144.015585865472,10138.005069091509,17198.72041344154,15765.207066981187
5.0,20.2,0.0,11147.525202533952,15883.554461228641,33599.10305891478,30798.61781895423
6.0,24.3,0.0,16074.03506819731,22810.511405455887,58045.6813953652,53207.57385106151
7.0,28.3,0.0,21856.813232497952,31108.71314561416,92192.82008230968,84508.54852844917
8.0,32.4,0.0,28576.062343461886,40552.020276366035,137589.76330753232,126121.6565358495
9.0,36.4,0.0,36140.01470413205,51397.74363135045,195917.87221472178,179588.1175656247
10.0,40.5,0.0,44650.097411659204,63362.53168182193,268730.00646002404,246331.36042158102
11.0,40.5,4.0,38567.67726976276,71932.24625770924,305075.4521392322,279647.41320342716
11.5,40.5,4.8,38744.0182156416,77608.11652276348,329147.66978125344,301713.2115049859
12.0,40.5,6.3,35974.37903053455,77800.89615884359,329965.2771506893,302462.6713001793
13.0,40.5,8.7,32016.471258797854,77849.25667129624,330170.3813420601,302650.6800571994
14.0,40.5,10.7,29072.587928234083,77350.30859387391,328054.26766241377,300710.94445275154
15.0,40.5,12.4,27085.491130688843,77786.12417546027,329902.62695214665,302405.2429956852
16.0,40.5,14.0,25276.536536885822,77603.57804305543,329128.421407666,301695.567483337
17.0,40.5,15.400000000000004,24228.65847241763,78886.29549538041,334568.618636221,306682.324272892
18.0,40.5,16.8,22923.34598263547,78336.93577170635,332238.7015989232,304546.6058206529
19.0,40.5,18.1,21934.47896330869,78149.49350494647,331443.7308138191,303817.8958504873
20.0,40.5,19.300000000000004,21301.659370762016,78867.82162961799,334490.26819892135,306610.50434454123
21.0,40.5,20.5,20488.170476764677,78288.01518276402,332031.2220391017,304356.41968214256
22.0,40.5,21.6,20114.16117382273,79377.3512752762,336651.25989756256,308591.3773851007
23.0,40.5,22.699999999999996,19599.832532190052,79441.36663381518,336922.7586407017,308840.2467079992
24.0,40.5,23.799999999999997,18921.609516939832,78261.46827020247,331918.6325987053,304253.2145716032
