alpha        CL        CD        
   -180.00   -0.0425    0.0060
   -179.00    0.0607    0.0065
   -178.00    0.1639    0.0079
   -177.00    0.2671    0.0103
   -176.00    0.3688    0.0137
   -175.00    0.4603    0.0180
   -174.00    0.5233    0.0233
   -173.00    0.5409    0.0295
   -172.00    0.5177    0.0366
   -171.00    0.4772    0.0447
   -170.00    0.4402    0.0537
   -169.00    0.4151    0.0636
   -168.00    0.4021    0.0743
   -167.00    0.3986    0.0860
   -166.00    0.4018    0.0984
   -165.00    0.4094    0.1118
   -164.00    0.4201    0.1259
   -163.00    0.4325    0.1409
   -162.00    0.4460    0.1566
   -161.00    0.4601    0.1732
   -160.00    0.4743    0.1904
   -159.00    0.4884    0.2084
   -158.00    0.5022    0.2271
   -157.00    0.5155    0.2465
   -156.00    0.5283    0.2665
   -155.00    0.5404    0.2872
   -154.00    0.5518    0.3085
   -153.00    0.5625    0.3303
   -152.00    0.5723    0.3527
   -151.00    0.5814    0.3756
   -150.00    0.5895    0.3990
   -149.00    0.5969    0.4229
   -148.00    0.6033    0.4473
   -147.00    0.6089    0.4720
   -146.00    0.6136    0.4971
   -145.00    0.6174    0.5225
   -144.00    0.6203    0.5483
   -143.00    0.6223    0.5744
   -142.00    0.6235    0.6007
   -141.00    0.6238    0.6272
   -140.00    0.6233    0.6539
   -139.00    0.6219    0.6808
   -138.00    0.6197    0.7078
   -137.00    0.6167    0.7349
   -136.00    0.6128    0.7620
   -135.00    0.6082    0.7892
   -134.00    0.6028    0.8163
   -133.00    0.5967    0.8434
   -132.00    0.5898    0.8705
   -131.00    0.5822    0.8974
   -130.00    0.5739    0.9242
   -129.00    0.5650    0.9508
   -128.00    0.5553    0.9772
   -127.00    0.5451    1.0034
   -126.00    0.5342    1.0293
   -125.00    0.5227    1.0549
   -124.00    0.5107    1.0802
   -123.00    0.4981    1.1051
   -122.00    0.4850    1.1296
   -121.00    0.4713    1.1537
   -120.00    0.4572    1.1774
   -119.00    0.4426    1.2006
   -118.00    0.4276    1.2232
   -117.00    0.4122    1.2454
   -116.00    0.3964    1.2670
   -115.00    0.3802    1.2879
   -114.00    0.3636    1.3083
   -113.00    0.3467    1.3281
   -112.00    0.3295    1.3472
   -111.00    0.3121    1.3656
   -110.00    0.2943    1.3833
   -109.00    0.2764    1.4003
   -108.00    0.2582    1.4165
   -107.00    0.2393    1.4320
   -106.00    0.2207    1.4467
   -105.00    0.2020    1.4606
   -104.00    0.1831    1.4737
   -103.00    0.1641    1.4859
   -102.00    0.1450    1.4973
   -101.00    0.1258    1.5078
   -100.00    0.1066    1.5175
    -99.00    0.0873    1.5263
    -98.00    0.0679    1.5341
    -97.00    0.0486    1.5411
    -96.00    0.0293    1.5472
    -95.00    0.0100    1.5523
    -94.00   -0.0093    1.5565
    -93.00   -0.0285    1.5598
    -92.00   -0.0476    1.5622
    -91.00   -0.0667    1.5636
    -90.00   -0.0856    1.5640
    -89.00   -0.1044    1.5636
    -88.00   -0.1231    1.5622
    -87.00   -0.1416    1.5598
    -86.00   -0.1599    1.5565
    -85.00   -0.1781    1.5523
    -84.00   -0.1961    1.5472
    -83.00   -0.2138    1.5411
    -82.00   -0.2313    1.5341
    -81.00   -0.2486    1.5262
    -80.00   -0.2657    1.5175
    -79.00   -0.2824    1.5078
    -78.00   -0.2989    1.4973
    -77.00   -0.3151    1.4859
    -76.00   -0.3310    1.4736
    -75.00   -0.3465    1.4605
    -74.00   -0.3617    1.4466
    -73.00   -0.3766    1.4319
    -72.00   -0.3911    1.4165
    -71.00   -0.4052    1.4002
    -70.00   -0.4189    1.3832
    -69.00   -0.4323    1.3655
    -68.00   -0.4452    1.3471
    -67.00   -0.4577    1.3280
    -66.00   -0.4698    1.3083
    -65.00   -0.4814    1.2879
    -64.00   -0.4925    1.2669
    -63.00   -0.5032    1.2453
    -62.00   -0.5134    1.2231
    -61.00   -0.5231    1.2005
    -60.00   -0.5323    1.1773
    -59.00   -0.5410    1.1536
    -58.00   -0.5492    1.1295
    -57.00   -0.5568    1.1050
    -56.00   -0.5639    1.0800
    -55.00   -0.5704    1.0548
    -54.00   -0.5764    1.0291
    -53.00   -0.5818    1.0032
    -52.00   -0.5866    0.9770
    -51.00   -0.5908    0.9506
    -50.00   -0.5944    0.9240
    -49.00   -0.5974    0.8972
    -48.00   -0.5998    0.8703
    -47.00   -0.6016    0.8432
    -46.00   -0.6027    0.8161
    -45.00   -0.6032    0.7889
    -44.00   -0.6031    0.7617
    -43.00   -0.6023    0.7346
    -42.00   -0.6009    0.7075
    -41.00   -0.5989    0.6804
    -40.00   -0.5962    0.6536
    -39.00   -0.5928    0.6268
    -38.00   -0.5888    0.6002
    -37.00   -0.5842    0.5739
    -36.00   -0.5789    0.5478
    -35.00   -0.5730    0.5220
    -34.00   -0.5665    0.4965
    -33.00   -0.5594    0.4713
    -32.00   -0.5516    0.4465
    -31.00   -0.5434    0.4221
    -30.00   -0.5345    0.3981
    -29.00   -0.5252    0.3746
    -28.00   -0.5154    0.3516
    -27.00   -0.5052    0.3290
    -26.00   -0.4947    0.3070
    -25.00   -0.4839    0.2856
    -24.00   -0.4731    0.2647
    -23.00   -0.4625    0.2443
    -22.00   -0.4522    0.2246
    -21.00   -0.4428    0.2054
    -20.00   -0.9420    0.1417
    -19.50   -0.9130    0.1388
    -19.00   -0.8824    0.1361
    -18.50   -0.8516    0.1334
    -18.00   -0.8208    0.1307
    -17.50   -0.7900    0.1279
    -17.00   -0.7596    0.1251
    -16.50   -0.7299    0.1222
    -16.00   -0.7008    0.1193
    -15.50   -0.7905    0.1002
    -15.00   -0.7737    0.0957
    -14.50   -0.7466    0.0926
    -14.00   -0.7180    0.0896
    -13.50   -0.6895    0.0866
    -12.50   -0.6703    0.0759
    -12.00   -0.6580    0.0710
    -11.50   -0.6341    0.0676
    -11.00   -0.6135    0.0637
    -10.50   -0.5911    0.0601
    -10.00   -0.5680    0.0566
     -9.00   -0.5186    0.0501
     -8.50   -0.4961    0.0467
     -8.00   -0.4660    0.0441
     -7.50   -0.4362    0.0415
     -7.00   -0.4130    0.0382
     -6.50   -0.3841    0.0355
     -6.00   -0.3617    0.0322
     -5.50   -0.3299    0.0298
     -5.00   -0.2943    0.0279
     -4.50   -0.2612    0.0257
     -4.00   -0.2271    0.0238
     -3.50   -0.1996    0.0221
     -3.00   -0.1592    0.0207
     -2.50   -0.1172    0.0184
     -2.00   -0.0605    0.0164
     -1.50    0.0045    0.0153
     -1.00    0.0759    0.0140
     -0.50    0.1454    0.0135
      0.00    0.2231    0.0126
      0.50    0.2904    0.0126
      1.00    0.3587    0.0125
      1.50    0.4284    0.0123
      2.00    0.5145    0.0114
      2.50    0.5755    0.0118
      3.00    0.6377    0.0119
      3.50    0.6940    0.0125
      4.00    0.7523    0.0129
      4.50    0.8117    0.0132
      5.00    0.8722    0.0134
      5.50    0.9126    0.0146
      6.00    0.9575    0.0155
      6.50    1.0070    0.0159
      7.50    1.0777    0.0177
      8.00    1.1206    0.0186
      8.50    1.1584    0.0199
      9.00    1.1971    0.0212
      9.50    1.2097    0.0243
     10.00    1.2342    0.0269
     10.50    1.2604    0.0295
     11.00    1.2882    0.0321
     11.50    1.3071    0.0356
     12.00    1.3226    0.0395
     12.50    1.3348    0.0438
     13.00    1.3448    0.0485
     13.50    1.3549    0.0534
     14.00    1.3661    0.0582
     14.50    1.3761    0.0633
     15.00    1.3847    0.0686
     15.50    1.3868    0.0747
     16.50    1.3671    0.0902
     17.00    1.3771    0.0954
     17.50    1.3797    0.1016
     18.00    1.3662    0.1101
     19.00    1.3103    0.1319
     19.50    1.3267    0.1363
     20.00    1.3422    0.1407
     21.00    1.2589    0.1577
     22.00    1.2350    0.1780
     23.00    1.2131    0.1993
     24.00    1.1934    0.2214
     25.00    1.1761    0.2442
     26.00    1.1611    0.2678
     27.00    1.1484    0.2920
     28.00    1.1379    0.3167
     29.00    1.1293    0.3420
     30.00    1.1225    0.3678
     31.00    1.1172    0.3941
     32.00    1.1132    0.4207
     33.00    1.1104    0.4477
     34.00    1.1085    0.4751
     35.00    1.1073    0.5028
     36.00    1.1067    0.5308
     37.00    1.1065    0.5590
     38.00    1.1066    0.5874
     39.00    1.1069    0.6160
     40.00    1.1071    0.6448
     41.00    1.1073    0.6737
     42.00    1.1073    0.7027
     43.00    1.1070    0.7318
     44.00    1.1063    0.7609
     45.00    1.1052    0.7899
     46.00    1.1036    0.8190
     47.00    1.1014    0.8480
     48.00    1.0985    0.8769
     49.00    1.0950    0.9056
     50.00    1.0907    0.9342
     51.00    1.0857    0.9626
     52.00    1.0798    0.9908
     53.00    1.0731    1.0187
     54.00    1.0655    1.0463
     55.00    1.0570    1.0736
     56.00    1.0475    1.1005
     57.00    1.0372    1.1271
     58.00    1.0258    1.1532
     59.00    1.0135    1.1789
     60.00    1.0002    1.2041
     61.00    0.9859    1.2288
     62.00    0.9706    1.2529
     63.00    0.9543    1.2765
     64.00    0.9371    1.2995
     65.00    0.9188    1.3219
     66.00    0.8995    1.3436
     67.00    0.8793    1.3647
     68.00    0.8580    1.3850
     69.00    0.8359    1.4047
     70.00    0.8128    1.4236
     71.00    0.7887    1.4417
     72.00    0.7637    1.4591
     73.00    0.7379    1.4756
     74.00    0.7112    1.4913
     75.00    0.6836    1.5061
     76.00    0.6553    1.5201
     77.00    0.6261    1.5332
     78.00    0.5962    1.5454
     79.00    0.5656    1.5567
     80.00    0.5343    1.5671
     81.00    0.5023    1.5765
     82.00    0.4697    1.5850
     83.00    0.4365    1.5925
     84.00    0.4028    1.5991
     85.00    0.3686    1.6046
     86.00    0.3339    1.6092
     87.00    0.2988    1.6128
     88.00    0.2633    1.6155
     89.00    0.2275    1.6171
     90.00    0.1914    1.6177
     91.00    0.1551    1.6173
     92.00    0.1185    1.6159
     93.00    0.0819    1.6136
     94.00    0.0451    1.6102
     95.00    0.0083    1.6059
     96.00   -0.0285    1.6006
     97.00   -0.0652    1.5943
     98.00   -0.1018    1.5870
     99.00   -0.1383    1.5788
    100.00   -0.1746    1.5696
    101.00   -0.2106    1.5595
    102.00   -0.2463    1.5485
    103.00   -0.2816    1.5366
    104.00   -0.3165    1.5237
    105.00   -0.3510    1.5100
    106.00   -0.3850    1.4955
    107.00   -0.4184    1.4801
    108.00   -0.4512    1.4639
    109.00   -0.4967    1.4468
    110.00   -0.5278    1.4290
    111.00   -0.5582    1.4105
    112.00   -0.5878    1.3912
    113.00   -0.6167    1.3712
    114.00   -0.6446    1.3505
    115.00   -0.6716    1.3291
    116.00   -0.6977    1.3071
    117.00   -0.7228    1.2845
    118.00   -0.7469    1.2614
    119.00   -0.7699    1.2376
    120.00   -0.7918    1.2134
    121.00   -0.8126    1.1887
    122.00   -0.8323    1.1635
    123.00   -0.8507    1.1378
    124.00   -0.8680    1.1118
    125.00   -0.8840    1.0854
    126.00   -0.8988    1.0587
    127.00   -0.9123    1.0317
    128.00   -0.9245    1.0044
    129.00   -0.9354    0.9769
    130.00   -0.9450    0.9492
    131.00   -0.9532    0.9213
    132.00   -0.9601    0.8933
    133.00   -0.9657    0.8652
    134.00   -0.9699    0.8371
    135.00   -0.9728    0.8089
    136.00   -0.9743    0.7807
    137.00   -0.9744    0.7525
    138.00   -0.9733    0.7245
    139.00   -0.9707    0.6965
    140.00   -0.9669    0.6687
    141.00   -0.9618    0.6411
    142.00   -0.9554    0.6137
    143.00   -0.9477    0.5865
    144.00   -0.9387    0.5597
    145.00   -0.9285    0.5331
    146.00   -0.9172    0.5069
    147.00   -0.9046    0.4810
    148.00   -0.8909    0.4556
    149.00   -0.8762    0.4306
    150.00   -0.8604    0.4060
    151.00   -0.8435    0.3820
    152.00   -0.8258    0.3585
    153.00   -0.8071    0.3355
    154.00   -0.7876    0.3132
    155.00   -0.7673    0.2914
    156.00   -0.7463    0.2703
    157.00   -0.7248    0.2498
    158.00   -0.7028    0.2301
    159.00   -0.6806    0.2110
    160.00   -0.6581    0.1927
    161.00   -0.6358    0.1751
    162.00   -0.6139    0.1583
    163.00   -0.5928    0.1423
    164.00   -0.5730    0.1271
    165.00   -0.5553    0.1128
    166.00   -0.5407    0.0992
    167.00   -0.5306    0.0866
    168.00   -0.5268    0.0748
    169.00   -0.5316    0.0640
    170.00   -0.5466    0.0540
    171.00   -0.5714    0.0449
    172.00   -0.5992    0.0368
    173.00   -0.6138    0.0296
    174.00   -0.5960    0.0234
    175.00   -0.5384    0.0181
    176.00   -0.4517    0.0137
    177.00   -0.3519    0.0104
    178.00   -0.2489    0.0079
    179.00   -0.1457    0.0065
    180.00   -0.0425    0.0060
    180.00   -0.0425    0.0060
