alpha        CL       CD
   -180.00   -0.0189    0.0060
   -179.00    0.1011    0.0065
   -178.00    0.2210    0.0081
   -177.00    0.3383    0.0108
   -176.00    0.4428    0.0144
   -175.00    0.5152    0.0192
   -174.00    0.5408    0.0250
   -173.00    0.5270    0.0318
   -172.00    0.4964    0.0396
   -171.00    0.4681    0.0484
   -170.00    0.4499    0.0583
   -169.00    0.4422    0.0691
   -168.00    0.4432    0.0809
   -167.00    0.4504    0.0937
   -166.00    0.4621    0.1074
   -165.00    0.4766    0.1220
   -164.00    0.4931    0.1376
   -163.00    0.5106    0.1540
   -162.00    0.5288    0.1713
   -161.00    0.5472    0.1895
   -160.00    0.5655    0.2084
   -159.00    0.5835    0.2282
   -158.00    0.6011    0.2488
   -157.00    0.6181    0.2701
   -156.00    0.6344    0.2921
   -155.00    0.6500    0.3148
   -154.00    0.6648    0.3382
   -153.00    0.6788    0.3622
   -152.00    0.6918    0.3868
   -151.00    0.7039    0.4121
   -150.00    0.7150    0.4378
   -149.00    0.7251    0.4641
   -148.00    0.7343    0.4909
   -147.00    0.7424    0.5181
   -146.00    0.7495    0.5457
   -145.00    0.7556    0.5737
   -144.00    0.7606    0.6021
   -143.00    0.7646    0.6308
   -142.00    0.7675    0.6598
   -141.00    0.7694    0.6890
   -140.00    0.7702    0.7184
   -139.00    0.7701    0.7480
   -138.00    0.7688    0.7777
   -137.00    0.7666    0.8076
   -136.00    0.7634    0.8375
   -135.00    0.7591    0.8674
   -134.00    0.7539    0.8974
   -133.00    0.7477    0.9272
   -132.00    0.7405    0.9571
   -131.00    0.7324    0.9867
   -130.00    0.7234    1.0163
   -129.00    0.7134    1.0456
   -128.00    0.7026    1.0748
   -127.00    0.6909    1.1036
   -126.00    0.6784    1.1322
   -125.00    0.6650    1.1605
   -124.00    0.6508    1.1883
   -123.00    0.6359    1.2158
   -122.00    0.6202    1.2429
   -121.00    0.6038    1.2695
   -120.00    0.5866    1.2956
   -119.00    0.5688    1.3212
   -118.00    0.5504    1.3462
   -117.00    0.5313    1.3707
   -116.00    0.5116    1.3945
   -115.00    0.4914    1.4177
   -114.00    0.4706    1.4402
   -113.00    0.4493    1.4620
   -112.00    0.4276    1.4831
   -111.00    0.4053    1.5034
   -110.00    0.3827    1.5230
   -109.00    0.3597    1.5417
   -108.00    0.3357    1.5596
   -107.00    0.3120    1.5767
   -106.00    0.2879    1.5930
   -105.00    0.2636    1.6083
   -104.00    0.2390    1.6228
   -103.00    0.2142    1.6363
   -102.00    0.1893    1.6489
   -101.00    0.1641    1.6605
   -100.00    0.1388    1.6712
    -99.00    0.1135    1.6809
    -98.00    0.0880    1.6896
    -97.00    0.0625    1.6973
    -96.00    0.0370    1.7040
    -95.00    0.0115    1.7097
    -94.00   -0.0140    1.7143
    -93.00   -0.0394    1.7179
    -92.00   -0.0647    1.7205
    -91.00   -0.0899    1.7221
    -90.00   -0.1150    1.7226
    -89.00   -0.1399    1.7221
    -88.00   -0.1646    1.7205
    -87.00   -0.1891    1.7179
    -86.00   -0.2133    1.7143
    -85.00   -0.2372    1.7096
    -84.00   -0.2609    1.7040
    -83.00   -0.2842    1.6973
    -82.00   -0.3072    1.6896
    -81.00   -0.3299    1.6808
    -80.00   -0.3521    1.6712
    -79.00   -0.3740    1.6605
    -78.00   -0.3954    1.6488
    -77.00   -0.4164    1.6362
    -76.00   -0.4369    1.6227
    -75.00   -0.4569    1.6083
    -74.00   -0.4764    1.5929
    -73.00   -0.4954    1.5767
    -72.00   -0.5138    1.5596
    -71.00   -0.5317    1.5417
    -70.00   -0.5490    1.5229
    -69.00   -0.5657    1.5033
    -68.00   -0.5818    1.4830
    -67.00   -0.5973    1.4619
    -66.00   -0.6121    1.4401
    -65.00   -0.6263    1.4176
    -64.00   -0.6398    1.3944
    -63.00   -0.6526    1.3706
    -62.00   -0.6648    1.3461
    -61.00   -0.6762    1.3211
    -60.00   -0.6869    1.2955
    -59.00   -0.6969    1.2694
    -58.00   -0.7062    1.2428
    -57.00   -0.7147    1.2157
    -56.00   -0.7224    1.1882
    -55.00   -0.7294    1.1603
    -54.00   -0.7356    1.1321
    -53.00   -0.7411    1.1035
    -52.00   -0.7458    1.0746
    -51.00   -0.7497    1.0455
    -50.00   -0.7528    1.0161
    -49.00   -0.7551    0.9866
    -48.00   -0.7566    0.9569
    -47.00   -0.7573    0.9270
    -46.00   -0.7572    0.8972
    -45.00   -0.7563    0.8672
    -44.00   -0.7546    0.8373
    -43.00   -0.7521    0.8073
    -42.00   -0.7488    0.7775
    -41.00   -0.7448    0.7477
    -40.00   -0.7399    0.7181
    -39.00   -0.7343    0.6886
    -38.00   -0.7278    0.6594
    -37.00   -0.7207    0.6304
    -36.00   -0.7127    0.6017
    -35.00   -0.7040    0.5733
    -34.00   -0.6946    0.5452
    -33.00   -0.6844    0.5175
    -32.00   -0.6736    0.4903
    -31.00   -0.6621    0.4635
    -30.00   -0.6499    0.4371
    -29.00   -0.6371    0.4113
    -28.00   -0.6237    0.3860
    -27.00   -0.6098    0.3613
    -26.00   -0.5954    0.3371
    -25.00   -0.5806    0.3136
    -24.00   -0.5654    0.2907
    -23.00   -0.5501    0.2685
    -22.00   -0.5348    0.2470
    -21.00   -0.5196    0.2262
    -20.00   -0.5049    0.2061
    -19.00   -0.4911    0.1867
    -18.00   -0.4788    0.1681
    -17.00   -0.4690    0.1501
    -16.00   -0.4631    0.1329
    -15.00   -0.4631    0.1162
    -14.00   -0.4723    0.1001
    -13.00   -0.4959    0.0844
    -12.00   -0.5411    0.0689
    -11.00   -0.6161    0.0537
    -10.00   -0.7231    0.0391
     -9.25   -0.5372    0.0983
     -9.00   -0.5384    0.0936
     -8.75   -0.5405    0.0886
     -8.50   -0.5439    0.0834
     -8.25   -0.5488    0.0778
     -8.00   -0.5548    0.0714
     -7.75   -0.5603    0.0650
     -7.50   -0.5643    0.0589
     -7.25   -0.5645    0.0530
     -7.00   -0.5596    0.0474
     -6.75   -0.5492    0.0424
     -6.50   -0.5334    0.0384
     -6.25   -0.5161    0.0374
     -6.00   -0.4939    0.0369
     -5.75   -0.4761    0.0343
     -5.50   -0.4543    0.0318
     -5.25   -0.4309    0.0294
     -5.00   -0.4085    0.0271
     -4.75   -0.3850    0.0264
     -4.50   -0.3622    0.0242
     -4.25   -0.3381    0.0232
     -4.00   -0.3152    0.0221
     -3.75   -0.2906    0.0211
     -3.50   -0.2673    0.0200
     -3.25   -0.2441    0.0191
     -3.00   -0.2215    0.0183
     -2.75   -0.2002    0.0174
     -2.50   -0.1808    0.0167
     -2.25   -0.1645    0.0162
     -2.00   -0.1501    0.0158
     -1.75   -0.1328    0.0156
     -1.50   -0.0926    0.0154
     -1.25   -0.0548    0.0152
     -1.00   -0.0373    0.0153
     -0.75   -0.0188    0.0154
     -0.50    0.0226    0.0156
     -0.25    0.0697    0.0158
      0.00    0.1165    0.0160
      0.25    0.1640    0.0161
      0.50    0.2077    0.0162
      0.75    0.2449    0.0162
      1.00    0.2806    0.0163
      1.25    0.3154    0.0164
      1.50    0.3459    0.0165
      1.75    0.3724    0.0167
      2.00    0.3996    0.0169
      2.25    0.4253    0.0171
      2.50    0.4498    0.0174
      2.75    0.4751    0.0176
      3.00    0.4993    0.0179
      3.25    0.5238    0.0183
      3.50    0.5482    0.0187
      3.75    0.5726    0.0190
      4.00    0.5972    0.0195
      4.25    0.6217    0.0199
      4.50    0.6466    0.0205
      4.75    0.6708    0.0210
      5.00    0.6950    0.0216
      5.25    0.7189    0.0223
      5.50    0.7434    0.0230
      5.75    0.7662    0.0237
      6.00    0.7899    0.0244
      6.25    0.8129    0.0253
      6.50    0.8365    0.0263
      6.75    0.8581    0.0271
      7.00    0.8802    0.0283
      7.25    0.9026    0.0294
      7.50    0.9233    0.0309
      7.75    0.9438    0.0319
      8.00    0.9627    0.0331
      8.25    0.9827    0.0351
      8.50    1.0017    0.0371
      8.75    1.0191    0.0387
      9.00    1.0334    0.0407
      9.25    1.0463    0.0426
      9.50    1.0588    0.0449
      9.75    1.0702    0.0472
     10.00    1.0760    0.0511
     10.25    1.0742    0.0549
     10.50    1.0653    0.0593
     10.75    1.0482    0.0637
     11.00    1.0257    0.0689
     11.25    0.9992    0.0755
     11.50    0.9693    0.0841
     11.75    0.9382    0.0946
     12.00    0.9099    0.1056
     13.00    0.8848    0.0699
     14.00    0.8309    0.0859
     15.00    0.7888    0.1028
     16.00    0.7580    0.1205
     17.00    0.7372    0.1390
     18.00    0.7246    0.1582
     19.00    0.7186    0.1780
     20.00    0.7180    0.1985
     21.00    0.7215    0.2197
     22.00    0.7281    0.2415
     23.00    0.7372    0.2640
     24.00    0.7481    0.2871
     25.00    0.7604    0.3109
     26.00    0.7736    0.3352
     27.00    0.7875    0.3602
     28.00    0.8017    0.3857
     29.00    0.8162    0.4118
     30.00    0.8307    0.4384
     31.00    0.8451    0.4656
     32.00    0.8592    0.4932
     33.00    0.8729    0.5212
     34.00    0.8862    0.5497
     35.00    0.8990    0.5785
     36.00    0.9111    0.6077
     37.00    0.9227    0.6372
     38.00    0.9335    0.6670
     39.00    0.9435    0.6971
     40.00    0.9528    0.7274
     41.00    0.9612    0.7578
     42.00    0.9687    0.7884
     43.00    0.9753    0.8191
     44.00    0.9810    0.8499
     45.00    0.9858    0.8807
     46.00    0.9895    0.9115
     47.00    0.9923    0.9423
     48.00    0.9940    0.9730
     49.00    0.9947    1.0036
     50.00    0.9944    1.0341
     51.00    0.9930    1.0643
     52.00    0.9905    1.0944
     53.00    0.9869    1.1242
     54.00    0.9822    1.1537
     55.00    0.9765    1.1828
     56.00    0.9696    1.2116
     57.00    0.9616    1.2400
     58.00    0.9526    1.2680
     59.00    0.9424    1.2955
     60.00    0.9312    1.3224
     61.00    0.9188    1.3489
     62.00    0.9054    1.3748
     63.00    0.8909    1.4001
     64.00    0.8753    1.4247
     65.00    0.8587    1.4487
     66.00    0.8410    1.4720
     67.00    0.8224    1.4946
     68.00    0.8027    1.5164
     69.00    0.7820    1.5375
     70.00    0.7603    1.5578
     71.00    0.7377    1.5772
     72.00    0.7141    1.5958
     73.00    0.6897    1.6135
     74.00    0.6644    1.6303
     75.00    0.6382    1.6463
     76.00    0.6112    1.6612
     77.00    0.5834    1.6753
     78.00    0.5548    1.6883
     79.00    0.5255    1.7004
     80.00    0.4955    1.7115
     81.00    0.4649    1.7216
     82.00    0.4336    1.7306
     83.00    0.4018    1.7386
     84.00    0.3693    1.7456
     85.00    0.3364    1.7515
     86.00    0.3030    1.7563
     87.00    0.2692    1.7601
     88.00    0.2350    1.7628
     89.00    0.2005    1.7644
     90.00    0.1657    1.7650
     91.00    0.1306    1.7645
     92.00    0.0953    1.7628
     93.00    0.0598    1.7602
     94.00    0.0243    1.7564
     95.00   -0.0113    1.7516
     96.00   -0.0470    1.7457
     97.00   -0.0826    1.7388
     98.00   -0.1181    1.7308
     99.00   -0.1535    1.7217
    100.00   -0.1887    1.7117
    101.00   -0.2237    1.7006
    102.00   -0.2584    1.6886
    103.00   -0.2928    1.6755
    104.00   -0.3269    1.6615
    105.00   -0.3605    1.6466
    106.00   -0.3936    1.6307
    107.00   -0.4262    1.6139
    108.00   -0.4583    1.5962
    109.00   -0.4911    1.5776
    110.00   -0.5219    1.5582
    111.00   -0.5520    1.5380
    112.00   -0.5814    1.5169
    113.00   -0.6100    1.4951
    114.00   -0.6378    1.4726
    115.00   -0.6647    1.4493
    116.00   -0.6907    1.4253
    117.00   -0.7157    1.4007
    118.00   -0.7398    1.3755
    119.00   -0.7629    1.3496
    120.00   -0.7849    1.3232
    121.00   -0.8059    1.2963
    122.00   -0.8257    1.2688
    123.00   -0.8444    1.2409
    124.00   -0.8620    1.2126
    125.00   -0.8783    1.1838
    126.00   -0.8934    1.1547
    127.00   -0.9073    1.1253
    128.00   -0.9200    1.0956
    129.00   -0.9314    1.0656
    130.00   -0.9414    1.0354
    131.00   -0.9502    1.0050
    132.00   -0.9577    0.9745
    133.00   -0.9638    0.9439
    134.00   -0.9687    0.9132
    135.00   -0.9721    0.8825
    136.00   -0.9743    0.8517
    137.00   -0.9751    0.8211
    138.00   -0.9746    0.7905
    139.00   -0.9727    0.7600
    140.00   -0.9695    0.7297
    141.00   -0.9650    0.6996
    142.00   -0.9592    0.6697
    143.00   -0.9521    0.6401
    144.00   -0.9438    0.6107
    145.00   -0.9341    0.5818
    146.00   -0.9233    0.5532
    147.00   -0.9112    0.5249
    148.00   -0.8980    0.4972
    149.00   -0.8836    0.4699
    150.00   -0.8682    0.4431
    151.00   -0.8516    0.4169
    152.00   -0.8340    0.3912
    153.00   -0.8155    0.3662
    154.00   -0.7961    0.3418
    155.00   -0.7758    0.3180
    156.00   -0.7547    0.2949
    157.00   -0.7329    0.2726
    158.00   -0.7106    0.2510
    159.00   -0.6878    0.2302
    160.00   -0.6648    0.2101
    161.00   -0.6417    0.1909
    162.00   -0.6188    0.1726
    163.00   -0.5964    0.1551
    164.00   -0.5751    0.1385
    165.00   -0.5554    0.1228
    166.00   -0.5384    0.1080
    167.00   -0.5252    0.0942
    168.00   -0.5178    0.0813
    169.00   -0.5182    0.0694
    170.00   -0.5293    0.0585
    171.00   -0.5525    0.0486
    172.00   -0.5851    0.0397
    173.00   -0.6147    0.0319
    174.00   -0.6181    0.0250
    175.00   -0.5755    0.0192
    176.00   -0.4891    0.0145
    177.00   -0.3779    0.0108
    178.00   -0.2589    0.0081
    179.00   -0.1389    0.0065
    180.00   -0.0189    0.0060
    180.00   -0.0189    0.0060
